242.00 309.00 200.00 313.00
322.00 403.00 339.00 408.00
522.00 161.00 620.00 146.00
433.00 410.00 501.00 416.00
448.00 329.00 527.00 327.00
427.00 81.00 492.00 56.00
489.00 318.00 565.00 305.00
510.00 188.00 611.00 163.00
138.00 392.00 50.00 396.00
497.00 103.00 591.00 82.00
460.00 362.00 545.00 356.00
523.00 426.00 623.00 417.00
525.00 262.00 625.00 255.00
243.00 294.00 200.00 296.00
512.00 291.00 618.00 284.00
480.00 363.00 580.00 357.00
517.00 131.00 621.00 114.00
477.00 387.00 562.00 390.00
236.00 173.00 185.00 159.00
321.00 166.00 326.00 145.00
519.00 325.00 627.00 319.00
225.00 322.00 183.00 328.00
432.00 59.00 502.00 26.00
524.00 454.00 621.00 453.00
410.00 76.00 463.00 51.00
431.00 41.00 493.00 14.00
463.00 316.00 550.00 310.00
477.00 149.00 562.00 130.00
500.00 458.00 610.00 454.00
446.00 160.00 530.00 140.00
