513.00 274.00 591.00 253.00
128.00 337.00 36.00 329.00
462.00 341.00 518.00 333.00
272.00 390.00 263.00 389.00
205.00 287.00 136.00 280.00
318.00 350.00 309.00 350.00
267.00 312.00 242.00 307.00
223.00 296.00 164.00 289.00
394.00 377.00 422.00 373.00
129.00 348.00 38.00 339.00
142.00 337.00 55.00 332.00
340.00 308.00 339.00 304.00
306.00 241.00 288.00 229.00
271.00 283.00 264.00 268.00
324.00 259.00 319.00 250.00
324.00 311.00 317.00 307.00
317.00 254.00 302.00 245.00
205.00 272.00 136.00 265.00
278.00 267.00 257.00 258.00
277.00 304.00 248.00 299.00
270.00 266.00 233.00 258.00
309.00 301.00 293.00 296.00
252.00 287.00 206.00 281.00
323.00 272.00 315.00 277.00
222.00 273.00 161.00 264.00
239.00 130.00 184.00 115.00
338.00 391.00 335.00 388.00
331.00 292.00 328.00 289.00
300.00 352.00 282.00 352.00
208.00 55.00 152.00 28.00
151.00 293.00 73.00 285.00
416.00 226.00 454.00 206.00
210.00 45.00 159.00 14.00
204.00 310.00 188.00 300.00
281.00 101.00 276.00 74.00
223.00 71.00 151.00 49.00
237.00 277.00 186.00 271.00
344.00 241.00 344.00 229.00
185.00 371.00 143.00 375.00
