272.00 275.00 133.00 265.00
258.00 185.00 117.00 178.00
311.00 414.00 120.00 440.00
523.00 273.00 394.00 264.00
589.00 319.00 461.00 308.00
346.00 283.00 198.00 268.00
674.00 366.00 538.00 355.00
444.00 76.00 307.00 57.00
200.00 195.00 49.00 195.00
440.00 177.00 303.00 158.00
250.00 180.00 103.00 176.00
140.00 335.00 8.00 330.00
577.00 318.00 449.00 310.00
587.00 290.00 461.00 286.00
651.00 324.00 520.00 316.00
279.00 314.00 134.00 301.00
310.00 137.00 160.00 110.00
307.00 179.00 133.00 152.00
293.00 183.00 159.00 157.00
547.00 360.00 416.00 357.00
664.00 346.00 532.00 337.00
544.00 180.00 439.00 160.00
455.00 152.00 298.00 132.00
560.00 285.00 435.00 270.00
507.00 262.00 385.00 246.00
312.00 205.00 161.00 190.00
168.00 260.00 21.00 241.00
403.00 236.00 272.00 228.00
439.00 238.00 301.00 234.00
225.00 230.00 85.00 220.00
547.00 250.00 415.00 245.00
438.00 222.00 302.00 219.00
421.00 148.00 279.00 121.00
262.00 349.00 120.00 347.00
210.00 215.00 75.00 197.00
570.00 285.00 449.00 271.00
