362.00 345.00 208.00 331.00
256.00 297.00 107.00 298.00
291.00 252.00 145.00 243.00
313.00 442.00 175.00 432.00
297.00 383.00 153.00 379.00
713.00 459.00 573.00 471.00
342.00 458.00 213.00 445.00
665.00 452.00 526.00 441.00
356.00 433.00 217.00 429.00
374.00 443.00 236.00 436.00
391.00 329.00 232.00 317.00
283.00 183.00 138.00 171.00
364.00 112.00 221.00 93.00
719.00 393.00 590.00 374.00
461.00 447.00 323.00 442.00
384.00 281.00 238.00 279.00
296.00 365.00 147.00 366.00
265.00 295.00 118.00 288.00
693.00 365.00 553.00 354.00
711.00 450.00 566.00 460.00
