228.00 340.00 174.00 336.00
300.00 450.00 280.00 448.00
230.00 416.00 183.00 417.00
276.00 233.00 239.00 225.00
238.00 250.00 183.00 241.00
190.00 374.00 132.00 361.00
192.00 346.00 122.00 340.00
337.00 185.00 330.00 177.00
305.00 225.00 288.00 214.00
241.00 403.00 197.00 398.00
180.00 420.00 113.00 410.00
217.00 463.00 169.00 454.00
283.00 222.00 252.00 211.00
197.00 243.00 129.00 220.00
502.00 276.00 561.00 272.00
223.00 380.00 170.00 373.00
242.00 265.00 191.00 257.00
180.00 434.00 112.00 425.00
163.00 438.00 90.00 433.00
206.00 404.00 158.00 410.00
213.00 455.00 160.00 450.00
217.00 390.00 162.00 387.00
177.00 429.00 110.00 419.00
436.00 266.00 486.00 254.00
322.00 204.00 307.00 196.00
211.00 351.00 147.00 347.00
