423.00 176.00 485.00 157.00
351.00 433.00 403.00 437.00
423.00 154.00 487.00 136.00
324.00 426.00 332.00 439.00
330.00 402.00 347.00 415.00
306.00 298.00 297.00 291.00
118.00 104.00 16.00 91.00
254.00 353.00 221.00 361.00
356.00 345.00 380.00 357.00
174.00 329.00 93.00 325.00
444.00 167.00 517.00 150.00
432.00 159.00 499.00 141.00
127.00 329.00 34.00 334.00
387.00 249.00 433.00 249.00
325.00 415.00 333.00 423.00
424.00 188.00 487.00 173.00
524.00 334.00 627.00 330.00
410.00 442.00 470.00 452.00
381.00 148.00 419.00 128.00
319.00 244.00 315.00 240.00
323.00 398.00 337.00 407.00
436.00 419.00 511.00 436.00
149.00 85.00 62.00 66.00
217.00 117.00 174.00 96.00
256.00 309.00 207.00 302.00
474.00 124.00 554.00 106.00
385.00 271.00 427.00 285.00
234.00 387.00 192.00 396.00
423.00 227.00 487.00 216.00
306.00 393.00 320.00 408.00
297.00 243.00 285.00 233.00
125.00 317.00 19.00 307.00
384.00 208.00 422.00 203.00
319.00 268.00 318.00 265.00
335.00 221.00 340.00 225.00
458.00 272.00 539.00 268.00
453.00 139.00 537.00 112.00
453.00 179.00 535.00 167.00
422.00 207.00 486.00 194.00
465.00 186.00 551.00 186.00
