276.00 111.00 251.00 87.00
427.00 161.00 493.00 137.00
361.00 295.00 391.00 294.00
481.00 106.00 548.00 87.00
313.00 273.00 317.00 271.00
514.00 71.00 613.00 53.00
164.00 334.00 87.00 347.00
118.00 374.00 8.00 387.00
438.00 139.00 504.00 118.00
370.00 297.00 410.00 295.00
333.00 197.00 348.00 181.00
440.00 298.00 495.00 295.00
168.00 363.00 89.00 369.00
394.00 156.00 444.00 133.00
385.00 208.00 419.00 193.00
250.00 365.00 209.00 373.00
245.00 384.00 202.00 394.00
500.00 70.00 592.00 49.00
469.00 55.00 540.00 27.00
495.00 130.00 580.00 104.00
273.00 95.00 248.00 69.00
514.00 90.00 605.00 66.00
513.00 28.00 606.00 10.00
470.00 65.00 549.00 36.00
181.00 325.00 107.00 336.00
306.00 365.00 307.00 375.00
464.00 107.00 535.00 90.00
473.00 91.00 548.00 64.00
324.00 352.00 327.00 361.00
206.00 333.00 144.00 335.00
474.00 74.00 548.00 45.00
321.00 327.00 328.00 335.00
267.00 341.00 238.00 354.00
483.00 92.00 563.00 71.00
480.00 141.00 559.00 111.00
496.00 121.00 591.00 97.00
322.00 357.00 327.00 368.00
476.00 36.00 549.00 10.00
