279.00 165.00 136.00 149.00
478.00 195.00 344.00 181.00
481.00 303.00 351.00 298.00
271.00 226.00 134.00 217.00
399.00 234.00 258.00 209.00
488.00 276.00 360.00 276.00
282.00 275.00 131.00 268.00
218.00 392.00 82.00 385.00
280.00 147.00 137.00 134.00
170.00 260.00 45.00 246.00
212.00 216.00 76.00 210.00
241.00 145.00 97.00 143.00
504.00 273.00 376.00 268.00
230.00 297.00 87.00 293.00
481.00 291.00 350.00 286.00
501.00 189.00 369.00 173.00
209.00 206.00 69.00 198.00
490.00 285.00 362.00 285.00
192.00 196.00 57.00 189.00
216.00 186.00 76.00 180.00
486.00 265.00 348.00 258.00
207.00 358.00 63.00 347.00
309.00 153.00 164.00 139.00
470.00 313.00 340.00 308.00
242.00 239.00 98.00 231.00
