315.00 278.00 164.00 268.00
165.00 470.00 45.00 457.00
313.00 195.00 169.00 178.00
340.00 143.00 196.00 128.00
428.00 223.00 283.00 201.00
311.00 170.00 166.00 154.00
429.00 236.00 289.00 211.00
160.00 450.00 34.00 434.00
335.00 186.00 190.00 159.00
249.00 192.00 96.00 180.00
251.00 209.00 109.00 197.00
507.00 195.00 374.00 181.00
311.00 153.00 167.00 138.00
311.00 182.00 163.00 170.00
159.00 462.00 34.00 447.00
247.00 362.00 97.00 353.00
273.00 200.00 125.00 190.00
339.00 158.00 195.00 143.00
273.00 151.00 127.00 143.00
192.00 287.00 61.00 275.00
334.00 248.00 186.00 239.00
304.00 229.00 165.00 221.00
216.00 238.00 74.00 231.00
302.00 379.00 164.00 370.00
319.00 123.00 174.00 108.00
196.00 265.00 64.00 251.00
147.00 436.00 14.00 420.00
245.00 212.00 101.00 202.00
