574.00 431.00 431.00 428.00
694.00 392.00 558.00 385.00
224.00 467.00 92.00 453.00
726.00 202.00 589.00 191.00
624.00 220.00 505.00 208.00
289.00 214.00 154.00 202.00
526.00 229.00 395.00 217.00
471.00 402.00 337.00 400.00
244.00 401.00 106.00 396.00
468.00 247.00 384.00 243.00
589.00 230.00 449.00 218.00
273.00 409.00 135.00 404.00
568.00 240.00 447.00 232.00
578.00 456.00 443.00 448.00
313.00 420.00 172.00 415.00
437.00 129.00 299.00 111.00
356.00 386.00 215.00 385.00
228.00 440.00 102.00 441.00
488.00 147.00 354.00 130.00
436.00 144.00 297.00 126.00
540.00 213.00 408.00 200.00
170.00 423.00 56.00 406.00
610.00 213.00 480.00 200.00
698.00 410.00 562.00 406.00
397.00 120.00 256.00 103.00
181.00 445.00 63.00 419.00
540.00 112.00 407.00 94.00
629.00 402.00 494.00 396.00
297.00 430.00 167.00 426.00
543.00 180.00 413.00 167.00
593.00 329.00 434.00 328.00
665.00 364.00 498.00 368.00
358.00 140.00 215.00 124.00
473.00 88.00 336.00 69.00
655.00 170.00 524.00 156.00
544.00 202.00 414.00 189.00
698.00 404.00 563.00 401.00
703.00 218.00 566.00 207.00
251.00 387.00 120.00 371.00
525.00 412.00 394.00 411.00
482.00 422.00 345.00 416.00
179.00 471.00 50.00 457.00
647.00 359.00 492.00 356.00
577.00 346.00 445.00 350.00
728.00 390.00 589.00 376.00
