326.00 254.00 182.00 244.00
710.00 468.00 565.00 451.00
349.00 90.00 206.00 72.00
446.00 129.00 307.00 112.00
334.00 383.00 190.00 383.00
422.00 288.00 274.00 279.00
480.00 137.00 345.00 119.00
396.00 115.00 254.00 94.00
414.00 121.00 273.00 103.00
424.00 308.00 287.00 303.00
371.00 378.00 239.00 359.00
326.00 370.00 182.00 369.00
413.00 92.00 274.00 73.00
355.00 420.00 201.00 404.00
410.00 324.00 257.00 317.00
642.00 464.00 505.00 448.00
406.00 336.00 256.00 326.00
644.00 451.00 505.00 437.00
747.00 468.00 591.00 471.00
380.00 442.00 255.00 430.00
