685.00 240.00 536.00 221.00
224.00 264.00 82.00 252.00
185.00 310.00 43.00 306.00
638.00 367.00 497.00 344.00
307.00 124.00 162.00 106.00
287.00 453.00 149.00 441.00
607.00 405.00 466.00 402.00
219.00 193.00 77.00 182.00
344.00 274.00 202.00 252.00
305.00 463.00 169.00 450.00
307.00 365.00 129.00 358.00
672.00 296.00 534.00 279.00
674.00 142.00 542.00 128.00
670.00 307.00 535.00 297.00
673.00 360.00 539.00 347.00
379.00 467.00 242.00 456.00
696.00 379.00 555.00 359.00
313.00 351.00 161.00 338.00
717.00 324.00 582.00 299.00
562.00 470.00 433.00 471.00
633.00 439.00 507.00 415.00
