262.00 208.00 118.00 197.00
401.00 371.00 265.00 371.00
643.00 334.00 510.00 325.00
250.00 185.00 99.00 176.00
275.00 353.00 162.00 335.00
445.00 295.00 308.00 280.00
268.00 251.00 127.00 233.00
604.00 333.00 482.00 327.00
585.00 319.00 456.00 308.00
574.00 317.00 446.00 310.00
664.00 365.00 530.00 355.00
579.00 289.00 456.00 285.00
269.00 263.00 135.00 244.00
610.00 173.00 481.00 159.00
236.00 193.00 67.00 187.00
523.00 244.00 394.00 230.00
526.00 185.00 422.00 159.00
637.00 371.00 505.00 362.00
505.00 244.00 370.00 244.00
549.00 268.00 417.00 257.00
644.00 324.00 515.00 315.00
655.00 345.00 524.00 337.00
558.00 285.00 434.00 269.00
657.00 285.00 520.00 269.00
537.00 359.00 405.00 357.00
548.00 245.00 417.00 236.00
405.00 461.00 269.00 452.00
272.00 233.00 128.00 214.00
215.00 461.00 96.00 452.00
276.00 276.00 129.00 264.00
589.00 352.00 467.00 339.00
237.00 229.00 97.00 219.00
404.00 420.00 270.00 417.00
541.00 303.00 430.00 303.00
