498.00 320.00 368.00 314.00
508.00 296.00 393.00 278.00
393.00 334.00 256.00 331.00
441.00 322.00 306.00 319.00
534.00 272.00 408.00 262.00
187.00 204.00 37.00 206.00
447.00 77.00 309.00 58.00
449.00 238.00 313.00 235.00
497.00 329.00 366.00 325.00
441.00 333.00 306.00 330.00
496.00 277.00 369.00 265.00
535.00 285.00 403.00 278.00
668.00 367.00 535.00 357.00
379.00 375.00 245.00 373.00
257.00 350.00 118.00 348.00
639.00 373.00 509.00 364.00
574.00 285.00 451.00 269.00
576.00 295.00 451.00 291.00
165.00 335.00 34.00 335.00
442.00 312.00 307.00 301.00
462.00 332.00 330.00 329.00
554.00 305.00 445.00 304.00
657.00 347.00 529.00 339.00
540.00 361.00 409.00 358.00
541.00 311.00 430.00 305.00
598.00 353.00 474.00 341.00
596.00 337.00 470.00 328.00
