492.00 359.00 587.00 359.00
261.00 157.00 226.00 137.00
252.00 323.00 214.00 329.00
241.00 166.00 189.00 155.00
170.00 325.00 90.00 332.00
300.00 184.00 289.00 168.00
262.00 179.00 230.00 162.00
158.00 203.00 70.00 192.00
172.00 363.00 93.00 367.00
496.00 346.00 586.00 348.00
168.00 184.00 84.00 172.00
183.00 338.00 117.00 343.00
233.00 328.00 184.00 331.00
216.00 168.00 155.00 156.00
467.00 457.00 548.00 461.00
327.00 424.00 323.00 435.00
200.00 147.00 131.00 130.00
497.00 385.00 594.00 387.00
404.00 429.00 454.00 439.00
159.00 237.00 67.00 229.00
171.00 151.00 88.00 136.00
250.00 156.00 209.00 136.00
129.00 326.00 31.00 323.00
121.00 139.00 19.00 127.00
118.00 196.00 13.00 187.00
223.00 323.00 167.00 326.00
498.00 393.00 605.00 401.00
229.00 276.00 179.00 280.00
419.00 437.00 486.00 443.00
487.00 423.00 568.00 433.00
476.00 397.00 559.00 412.00
427.00 436.00 498.00 444.00
472.00 409.00 554.00 414.00
494.00 402.00 585.00 402.00
488.00 399.00 569.00 400.00
248.00 261.00 211.00 256.00
479.00 334.00 563.00 333.00
391.00 432.00 440.00 449.00
132.00 116.00 38.00 101.00
196.00 314.00 134.00 319.00
204.00 279.00 138.00 281.00
154.00 383.00 73.00 388.00
215.00 234.00 151.00 242.00
143.00 378.00 64.00 386.00
150.00 246.00 70.00 240.00
245.00 421.00 209.00 435.00
181.00 356.00 106.00 360.00
128.00 124.00 32.00 109.00
229.00 265.00 175.00 263.00
156.00 289.00 65.00 295.00
270.00 455.00 237.00 463.00
210.00 175.00 150.00 156.00
176.00 319.00 96.00 320.00
