478.00 320.00 346.00 315.00
378.00 374.00 241.00 373.00
526.00 271.00 399.00 262.00
489.00 277.00 360.00 265.00
499.00 285.00 367.00 279.00
581.00 317.00 452.00 311.00
358.00 275.00 219.00 259.00
476.00 328.00 343.00 323.00
179.00 204.00 29.00 205.00
661.00 366.00 527.00 357.00
504.00 310.00 375.00 303.00
565.00 285.00 442.00 269.00
366.00 275.00 235.00 260.00
633.00 372.00 502.00 364.00
158.00 334.00 27.00 335.00
530.00 310.00 422.00 305.00
652.00 346.00 522.00 339.00
494.00 300.00 369.00 289.00
534.00 360.00 403.00 358.00
570.00 299.00 444.00 290.00
539.00 272.00 415.00 266.00
251.00 350.00 111.00 348.00
584.00 353.00 466.00 341.00
503.00 329.00 407.00 323.00
