393.00 307.00 419.00 290.00
380.00 244.00 399.00 233.00
419.00 275.00 449.00 256.00
503.00 329.00 573.00 318.00
453.00 203.00 507.00 184.00
442.00 203.00 490.00 189.00
371.00 210.00 386.00 195.00
392.00 339.00 417.00 334.00
442.00 213.00 492.00 203.00
369.00 185.00 384.00 172.00
359.00 186.00 367.00 170.00
122.00 288.00 25.00 279.00
196.00 285.00 124.00 276.00
490.00 148.00 555.00 134.00
380.00 235.00 398.00 217.00
235.00 326.00 180.00 323.00
486.00 56.00 545.00 52.00
488.00 256.00 553.00 244.00
379.00 315.00 408.00 302.00
480.00 350.00 545.00 340.00
419.00 222.00 454.00 208.00
340.00 243.00 337.00 233.00
369.00 201.00 384.00 185.00
510.00 70.00 576.00 58.00
485.00 64.00 536.00 53.00
250.00 298.00 201.00 280.00
508.00 151.00 577.00 138.00
442.00 177.00 489.00 161.00
462.00 27.00 503.00 18.00
472.00 18.00 523.00 8.00
392.00 327.00 418.00 311.00
538.00 256.00 621.00 234.00
356.00 254.00 365.00 234.00
166.00 98.00 83.00 75.00
182.00 300.00 102.00 294.00
470.00 72.00 524.00 58.00
258.00 317.00 214.00 312.00
450.00 35.00 494.00 23.00
371.00 233.00 385.00 218.00
451.00 185.00 502.00 174.00
507.00 52.00 571.00 42.00
491.00 137.00 555.00 123.00
371.00 224.00 385.00 212.00
533.00 160.00 611.00 147.00
441.00 188.00 489.00 175.00
504.00 168.00 575.00 153.00
466.00 338.00 522.00 329.00
257.00 333.00 213.00 332.00
425.00 170.00 464.00 156.00
427.00 51.00 460.00 35.00
517.00 169.00 591.00 157.00
507.00 137.00 578.00 123.00
463.00 159.00 518.00 149.00
478.00 337.00 540.00 328.00
398.00 132.00 420.00 117.00
551.00 114.00 622.00 98.00
417.00 192.00 455.00 174.00
461.00 187.00 516.00 174.00
444.00 44.00 485.00 30.00
157.00 333.00 69.00 329.00
215.00 276.00 151.00 269.00
141.00 292.00 49.00 283.00
298.00 361.00 272.00 362.00
539.00 188.00 620.00 177.00
522.00 98.00 584.00 85.00
511.00 207.00 584.00 194.00
450.00 75.00 498.00 59.00
259.00 272.00 214.00 256.00
514.00 187.00 589.00 168.00
170.00 297.00 87.00 288.00
198.00 315.00 131.00 309.00
371.00 150.00 382.00 135.00
188.00 265.00 101.00 253.00
502.00 348.00 573.00 341.00
238.00 318.00 184.00 315.00
448.00 90.00 490.00 80.00
494.00 121.00 558.00 112.00
408.00 150.00 453.00 135.00
537.00 142.00 612.00 129.00
516.00 228.00 589.00 219.00
352.00 415.00 351.00 418.00
184.00 317.00 110.00 306.00
191.00 306.00 116.00 290.00
427.00 100.00 466.00 83.00
442.00 85.00 483.00 70.00
456.00 135.00 508.00 115.00
461.00 386.00 526.00 384.00
515.00 237.00 588.00 226.00
517.00 139.00 590.00 124.00
515.00 217.00 589.00 207.00
583.00 28.00 616.00 13.00
187.00 247.00 111.00 234.00
120.00 324.00 53.00 323.00
388.00 138.00 410.00 119.00
480.00 128.00 541.00 111.00
373.00 157.00 433.00 138.00
543.00 160.00 625.00 146.00
