146.00 15.00 169.00 20.00
273.00 100.00 237.00 83.00
283.00 198.00 251.00 185.00
225.00 200.00 167.00 186.00
263.00 215.00 203.00 210.00
220.00 237.00 180.00 231.00
204.00 242.00 137.00 230.00
195.00 260.00 123.00 251.00
185.00 320.00 110.00 315.00
217.00 329.00 155.00 321.00
279.00 333.00 245.00 328.00
307.00 339.00 289.00 328.00
303.00 351.00 283.00 350.00
189.00 375.00 110.00 375.00
210.00 402.00 160.00 375.00
227.00 439.00 173.00 434.00
212.00 456.00 160.00 447.00
260.00 458.00 160.00 466.00
180.00 464.00 142.00 441.00
