315.00 250.00 300.00 237.00
506.00 363.00 584.00 399.00
526.00 279.00 606.00 268.00
448.00 242.00 495.00 215.00
305.00 251.00 286.00 241.00
523.00 265.00 602.00 258.00
460.00 208.00 517.00 195.00
442.00 380.00 492.00 374.00
375.00 189.00 391.00 160.00
286.00 430.00 265.00 427.00
544.00 255.00 631.00 248.00
276.00 429.00 252.00 421.00
531.00 165.00 611.00 152.00
527.00 291.00 608.00 280.00
509.00 237.00 585.00 223.00
263.00 471.00 230.00 462.00
472.00 205.00 531.00 189.00
542.00 372.00 620.00 413.00
316.00 207.00 306.00 195.00
217.00 467.00 168.00 457.00
332.00 211.00 323.00 200.00
317.00 221.00 310.00 207.00
466.00 236.00 520.00 210.00
481.00 238.00 539.00 222.00
282.00 415.00 251.00 409.00
458.00 239.00 505.00 216.00
519.00 304.00 599.00 291.00
266.00 359.00 267.00 344.00
318.00 234.00 304.00 223.00
543.00 242.00 627.00 229.00
451.00 229.00 502.00 202.00
539.00 378.00 620.00 427.00
523.00 360.00 604.00 397.00
288.00 401.00 266.00 389.00
215.00 447.00 169.00 431.00
328.00 397.00 322.00 402.00
243.00 342.00 197.00 328.00
375.00 162.00 392.00 144.00
261.00 323.00 225.00 310.00
515.00 369.00 600.00 410.00
