489.00 315.00 547.00 289.00
499.00 315.00 563.00 292.00
566.00 278.00 612.00 259.00
348.00 462.00 367.00 465.00
498.00 326.00 569.00 299.00
207.00 286.00 139.00 285.00
544.00 324.00 626.00 311.00
323.00 353.00 315.00 351.00
498.00 338.00 565.00 323.00
294.00 310.00 267.00 304.00
543.00 335.00 625.00 321.00
547.00 51.00 568.00 53.00
280.00 280.00 245.00 274.00
195.00 378.00 131.00 383.00
519.00 308.00 595.00 275.00
469.00 241.00 460.00 227.00
325.00 206.00 317.00 191.00
258.00 272.00 213.00 265.00
618.00 324.00 609.00 320.00
412.00 447.00 451.00 445.00
381.00 347.00 390.00 347.00
305.00 209.00 283.00 202.00
276.00 289.00 239.00 283.00
606.00 163.00 602.00 89.00
406.00 48.00 451.00 27.00
320.00 222.00 307.00 204.00
442.00 337.00 431.00 335.00
298.00 354.00 271.00 352.00
464.00 194.00 404.00 165.00
390.00 411.00 427.00 415.00
