544.00 267.00 417.00 256.00
265.00 200.00 133.00 184.00
348.00 198.00 206.00 181.00
429.00 380.00 293.00 378.00
222.00 427.00 90.00 418.00
183.00 438.00 55.00 426.00
547.00 291.00 420.00 283.00
229.00 386.00 93.00 379.00
541.00 193.00 411.00 179.00
359.00 147.00 217.00 132.00
309.00 203.00 164.00 193.00
665.00 176.00 533.00 158.00
193.00 409.00 64.00 400.00
545.00 278.00 418.00 271.00
571.00 271.00 447.00 266.00
531.00 250.00 405.00 240.00
243.00 334.00 112.00 325.00
549.00 302.00 421.00 296.00
283.00 216.00 139.00 207.00
480.00 246.00 346.00 220.00
309.00 157.00 163.00 152.00
291.00 230.00 147.00 219.00
287.00 197.00 146.00 189.00
184.00 469.00 56.00 451.00
210.00 354.00 83.00 350.00
231.00 304.00 88.00 295.00
264.00 209.00 126.00 199.00
180.00 314.00 60.00 297.00
248.00 114.00 104.00 104.00
