401.00 322.00 456.00 321.00
367.00 282.00 399.00 280.00
515.00 366.00 616.00 369.00
300.00 219.00 290.00 207.00
404.00 195.00 459.00 180.00
258.00 163.00 223.00 145.00
125.00 206.00 24.00 197.00
127.00 378.00 36.00 381.00
190.00 325.00 119.00 335.00
326.00 220.00 331.00 209.00
382.00 282.00 427.00 281.00
145.00 201.00 52.00 191.00
124.00 217.00 23.00 209.00
481.00 294.00 565.00 290.00
321.00 212.00 326.00 199.00
524.00 354.00 630.00 367.00
239.00 162.00 192.00 143.00
415.00 332.00 460.00 333.00
127.00 133.00 44.00 123.00
516.00 317.00 624.00 311.00
465.00 257.00 552.00 248.00
452.00 119.00 529.00 97.00
504.00 75.00 600.00 55.00
305.00 237.00 299.00 226.00
478.00 382.00 567.00 393.00
193.00 342.00 122.00 351.00
366.00 228.00 378.00 216.00
238.00 288.00 199.00 292.00
452.00 144.00 531.00 122.00
452.00 166.00 530.00 138.00
322.00 398.00 327.00 409.00
461.00 125.00 542.00 103.00
177.00 356.00 104.00 362.00
429.00 92.00 491.00 69.00
124.00 232.00 22.00 227.00
211.00 284.00 148.00 285.00
434.00 284.00 507.00 281.00
175.00 331.00 97.00 335.00
502.00 273.00 603.00 266.00
274.00 375.00 234.00 391.00
314.00 267.00 313.00 262.00
167.00 344.00 86.00 350.00
490.00 275.00 585.00 268.00
497.00 64.00 593.00 31.00
419.00 59.00 468.00 30.00
499.00 403.00 597.00 407.00
228.00 190.00 176.00 181.00
426.00 361.00 488.00 370.00
169.00 367.00 80.00 372.00
469.00 340.00 556.00 343.00
394.00 262.00 446.00 257.00
490.00 156.00 575.00 140.00
477.00 257.00 564.00 248.00
123.00 255.00 21.00 254.00
208.00 177.00 144.00 162.00
249.00 152.00 224.00 128.00
226.00 305.00 174.00 307.00
443.00 114.00 517.00 94.00
406.00 97.00 460.00 76.00
467.00 39.00 532.00 8.00
489.00 74.00 587.00 43.00
249.00 112.00 208.00 86.00
452.00 111.00 529.00 88.00
470.00 48.00 544.00 15.00
510.00 68.00 609.00 36.00
172.00 385.00 116.00 394.00
