439.00 359.00 509.00 364.00
402.00 274.00 457.00 272.00
395.00 333.00 444.00 341.00
414.00 295.00 477.00 293.00
443.00 175.00 519.00 158.00
436.00 292.00 507.00 289.00
136.00 292.00 56.00 296.00
444.00 153.00 518.00 133.00
156.00 221.00 81.00 215.00
99.00 398.00 9.00 399.00
498.00 213.00 601.00 203.00
529.00 269.00 626.00 264.00
448.00 244.00 527.00 235.00
500.00 181.00 598.00 166.00
480.00 179.00 568.00 163.00
398.00 317.00 450.00 319.00
143.00 233.00 56.00 232.00
438.00 247.00 513.00 239.00
110.00 169.00 16.00 159.00
122.00 342.00 21.00 343.00
398.00 298.00 447.00 297.00
428.00 225.00 500.00 214.00
427.00 246.00 488.00 239.00
480.00 200.00 572.00 187.00
151.00 205.00 82.00 200.00
161.00 399.00 79.00 406.00
122.00 319.00 26.00 318.00
116.00 435.00 31.00 440.00
502.00 225.00 604.00 214.00
437.00 272.00 510.00 267.00
470.00 205.00 557.00 192.00
187.00 255.00 118.00 257.00
442.00 93.00 510.00 66.00
138.00 411.00 47.00 410.00
430.00 277.00 500.00 271.00
155.00 357.00 80.00 362.00
464.00 165.00 546.00 149.00
227.00 141.00 176.00 124.00
130.00 382.00 49.00 382.00
463.00 188.00 549.00 174.00
489.00 243.00 586.00 234.00
103.00 405.00 19.00 400.00
422.00 149.00 486.00 128.00
406.00 32.00 457.00 8.00
488.00 289.00 584.00 283.00
113.00 142.00 10.00 130.00
244.00 130.00 205.00 107.00
170.00 153.00 92.00 142.00
119.00 370.00 33.00 373.00
476.00 252.00 567.00 242.00
124.00 89.00 30.00 69.00
142.00 253.00 57.00 254.00
142.00 161.00 51.00 148.00
148.00 283.00 74.00 272.00
515.00 266.00 624.00 255.00
112.00 233.00 17.00 225.00
136.00 137.00 54.00 125.00
216.00 147.00 163.00 127.00
348.00 67.00 383.00 31.00
408.00 92.00 462.00 68.00
125.00 303.00 50.00 300.00
413.00 309.00 479.00 314.00
486.00 208.00 581.00 194.00
92.00 439.00 11.00 443.00
127.00 212.00 28.00 203.00
125.00 121.00 36.00 108.00
342.00 71.00 365.00 39.00
466.00 282.00 555.00 278.00
477.00 243.00 576.00 236.00
114.00 451.00 28.00 461.00
137.00 337.00 57.00 336.00
437.00 161.00 508.00 140.00
124.00 328.00 36.00 330.00
458.00 228.00 544.00 221.00
428.00 143.00 494.00 118.00
320.00 364.00 327.00 365.00
466.00 269.00 540.00 270.00
128.00 367.00 37.00 366.00
