295.00 403.00 283.00 414.00
478.00 222.00 569.00 209.00
485.00 277.00 582.00 271.00
203.00 238.00 140.00 227.00
480.00 315.00 572.00 308.00
255.00 323.00 220.00 325.00
226.00 381.00 176.00 394.00
482.00 333.00 585.00 309.00
446.00 137.00 498.00 121.00
479.00 304.00 566.00 280.00
341.00 328.00 360.00 333.00
203.00 361.00 139.00 367.00
436.00 259.00 518.00 237.00
459.00 136.00 541.00 116.00
225.00 120.00 174.00 98.00
313.00 410.00 316.00 421.00
257.00 283.00 220.00 282.00
509.00 156.00 610.00 139.00
167.00 214.00 94.00 203.00
264.00 349.00 233.00 353.00
344.00 390.00 362.00 402.00
468.00 313.00 548.00 306.00
195.00 99.00 130.00 79.00
145.00 168.00 54.00 154.00
220.00 285.00 162.00 283.00
192.00 33.00 129.00 8.00
203.00 261.00 137.00 255.00
184.00 293.00 108.00 300.00
445.00 123.00 520.00 99.00
345.00 409.00 375.00 421.00
224.00 207.00 166.00 197.00
512.00 143.00 608.00 126.00
463.00 243.00 547.00 233.00
222.00 199.00 166.00 184.00
222.00 222.00 165.00 215.00
181.00 362.00 120.00 365.00
417.00 326.00 478.00 328.00
421.00 130.00 483.00 107.00
500.00 268.00 604.00 238.00
194.00 379.00 135.00 388.00
441.00 311.00 520.00 302.00
408.00 360.00 471.00 366.00
199.00 248.00 136.00 241.00
142.00 154.00 55.00 139.00
196.00 348.00 127.00 356.00
