176.00 108.00 35.00 94.00
149.00 256.00 9.00 252.00
584.00 125.00 478.00 102.00
600.00 129.00 494.00 106.00
630.00 169.00 528.00 145.00
601.00 157.00 499.00 138.00
158.00 151.00 17.00 142.00
143.00 284.00 8.00 278.00
152.00 176.00 9.00 163.00
177.00 195.00 31.00 184.00
628.00 81.00 532.00 61.00
158.00 243.00 15.00 237.00
186.00 297.00 47.00 303.00
618.00 35.00 503.00 8.00
647.00 51.00 532.00 23.00
160.00 219.00 17.00 216.00
596.00 92.00 501.00 77.00
659.00 97.00 554.00 72.00
161.00 186.00 19.00 183.00
162.00 276.00 19.00 279.00
141.00 309.00 8.00 307.00
153.00 210.00 17.00 209.00
198.00 91.00 55.00 83.00
196.00 81.00 56.00 67.00
