648.00 138.00 543.00 121.00
587.00 63.00 477.00 38.00
685.00 131.00 578.00 114.00
631.00 35.00 519.00 12.00
662.00 67.00 553.00 48.00
136.00 432.00 9.00 437.00
168.00 451.00 38.00 466.00
661.00 407.00 552.00 408.00
663.00 50.00 551.00 30.00
569.00 459.00 458.00 466.00
163.00 367.00 22.00 376.00
587.00 117.00 479.00 93.00
149.00 408.00 16.00 409.00
604.00 29.00 505.00 8.00
643.00 370.00 533.00 371.00
628.00 385.00 521.00 392.00
166.00 418.00 33.00 420.00
654.00 396.00 552.00 403.00
640.00 358.00 530.00 358.00
622.00 426.00 511.00 430.00
542.00 109.00 433.00 84.00
629.00 379.00 525.00 382.00
