538.00 36.00 424.00 8.00
567.00 100.00 459.00 76.00
654.00 424.00 544.00 424.00
701.00 401.00 591.00 406.00
624.00 85.00 516.00 65.00
172.00 108.00 32.00 92.00
635.00 39.00 525.00 18.00
685.00 425.00 574.00 423.00
582.00 168.00 479.00 162.00
174.00 461.00 48.00 463.00
173.00 129.00 33.00 114.00
183.00 420.00 44.00 426.00
686.00 388.00 588.00 380.00
652.00 134.00 551.00 105.00
573.00 460.00 462.00 466.00
619.00 439.00 508.00 441.00
213.00 449.00 87.00 456.00
174.00 88.00 32.00 72.00
644.00 440.00 540.00 450.00
184.00 428.00 53.00 434.00
698.00 424.00 584.00 434.00
200.00 397.00 60.00 412.00
664.00 157.00 568.00 138.00
184.00 404.00 47.00 409.00
591.00 333.00 489.00 334.00
183.00 385.00 45.00 388.00
663.00 395.00 554.00 398.00
