480.00 85.00 383.00 49.00
297.00 118.00 159.00 95.00
155.00 251.00 12.00 248.00
151.00 333.00 14.00 342.00
152.00 262.00 8.00 270.00
150.00 295.00 11.00 291.00
591.00 458.00 503.00 464.00
159.00 283.00 18.00 278.00
148.00 304.00 11.00 303.00
137.00 347.00 11.00 358.00
148.00 226.00 8.00 218.00
704.00 432.00 591.00 430.00
458.00 134.00 310.00 105.00
544.00 458.00 476.00 466.00
607.00 422.00 504.00 427.00
602.00 440.00 501.00 439.00
407.00 174.00 281.00 159.00
172.00 129.00 36.00 117.00
592.00 468.00 510.00 469.00
282.00 116.00 152.00 94.00
254.00 35.00 122.00 13.00
148.00 232.00 16.00 228.00
511.00 447.00 408.00 466.00
126.00 63.00 11.00 57.00
