609.00 137.00 505.00 116.00
292.00 274.00 152.00 271.00
274.00 160.00 134.00 142.00
590.00 123.00 485.00 99.00
546.00 148.00 438.00 123.00
558.00 128.00 450.00 107.00
455.00 391.00 338.00 403.00
454.00 372.00 337.00 381.00
239.00 244.00 95.00 236.00
288.00 314.00 149.00 320.00
466.00 409.00 351.00 421.00
260.00 417.00 129.00 438.00
582.00 59.00 475.00 32.00
674.00 156.00 570.00 139.00
604.00 355.00 499.00 360.00
608.00 149.00 506.00 131.00
238.00 362.00 111.00 366.00
289.00 351.00 165.00 356.00
297.00 120.00 160.00 98.00
287.00 339.00 149.00 345.00
517.00 337.00 409.00 342.00
550.00 72.00 444.00 36.00
295.00 168.00 162.00 151.00
261.00 382.00 137.00 391.00
243.00 270.00 126.00 255.00
