229.00 179.00 178.00 163.00
512.00 240.00 611.00 232.00
406.00 236.00 488.00 225.00
215.00 315.00 156.00 318.00
246.00 160.00 203.00 141.00
494.00 278.00 592.00 271.00
328.00 212.00 339.00 199.00
420.00 227.00 486.00 215.00
224.00 203.00 170.00 188.00
234.00 248.00 184.00 241.00
159.00 270.00 72.00 273.00
470.00 144.00 555.00 124.00
228.00 322.00 176.00 325.00
419.00 219.00 487.00 207.00
191.00 278.00 116.00 283.00
228.00 312.00 177.00 314.00
457.00 61.00 534.00 14.00
388.00 163.00 432.00 144.00
151.00 334.00 71.00 340.00
119.00 206.00 15.00 197.00
230.00 331.00 186.00 337.00
262.00 73.00 231.00 45.00
239.00 100.00 178.00 76.00
120.00 246.00 22.00 233.00
151.00 240.00 72.00 234.00
159.00 249.00 72.00 251.00
171.00 254.00 87.00 249.00
187.00 44.00 116.00 24.00
259.00 128.00 224.00 104.00
225.00 90.00 172.00 70.00
209.00 167.00 146.00 150.00
448.00 337.00 523.00 342.00
379.00 345.00 416.00 354.00
151.00 141.00 71.00 116.00
200.00 342.00 134.00 349.00
135.00 226.00 37.00 221.00
275.00 348.00 265.00 358.00
214.00 68.00 148.00 43.00
413.00 345.00 472.00 350.00
140.00 259.00 46.00 255.00
195.00 325.00 138.00 332.00
496.00 76.00 578.00 22.00
219.00 130.00 159.00 107.00
101.00 214.00 8.00 203.00
269.00 126.00 247.00 102.00
141.00 266.00 53.00 265.00
156.00 117.00 69.00 100.00
437.00 347.00 509.00 363.00
149.00 104.00 61.00 88.00
130.00 259.00 37.00 255.00
135.00 107.00 43.00 91.00
287.00 79.00 243.00 41.00
161.00 149.00 88.00 133.00
117.00 261.00 11.00 257.00
211.00 78.00 162.00 63.00
150.00 157.00 71.00 134.00
